1850 -0.332
1851 -0.239
1852 -0.191
1853 -0.284
1854 -0.248
1855 -0.286
1856 -0.381
1857 -0.506
1858 -0.39
1859 -0.327
1860 -0.4
1861 -0.414
1862 -0.381
1863 -0.431
1864 -0.43
1865 -0.228
1866 -0.267
1867 -0.333
1868 -0.178
1869 -0.293
1870 -0.287
1871 -0.345
1872 -0.184
1873 -0.331
1874 -0.444
1875 -0.33
1876 -0.347
1877 0.047
1878 -0.078
1879 -0.224
1880 -0.265
1881 -0.136
1882 -0.311
1883 -0.297
1884 -0.435
1885 -0.382
1886 -0.398
1887 -0.424
1888 -0.199
1889 -0.254
1890 -0.44
1891 -0.31
1892 -0.549
1893 -0.403
1894 -0.45
1895 -0.323
1896 -0.17
1897 -0.263
1898 -0.419
1899 -0.245
1900 -0.202
1901 -0.282
1902 -0.402
1903 -0.575
1904 -0.503
1905 -0.297
1906 -0.347
1907 -0.486
1908 -0.546
1909 -0.493
1910 -0.551
1911 -0.467
1912 -0.482
1913 -0.36
1914 -0.227
1915 -0.194
1916 -0.511
1917 -0.403
1918 -0.253
1919 -0.301
1920 -0.23
1921 -0.222
1922 -0.314
1923 -0.255
1924 -0.308
1925 -0.138
1926 -0.172
1927 -0.196
1928 -0.298
1929 -0.288
1930 -0.098
1931 -0.086
1932 -0.194
1933 -0.258
1934 -0.094
1935 -0.227
1936 -0.094
1937 0.012
1938 -0.045
1939 -0.046
1940 0.024
1941 0.045
1942 -0.054
1943 0.076
1944 0.092
1945 0.047
1946 -0.11
1947 -0.029
1948 -0.036
1949 -0.123
1950 -0.206
1951 0.054
1952 0.042
1953 0.027
1954 -0.131
1955 -0.23
1956 -0.23
1957 0.071
1958 0.025
1959 -0.021
1960 -0.003
1961 0.03
1962 -0.007
1963 0.014
1964 -0.232
1965 -0.118
1966 -0.088
1967 -0.074
1968 -0.108
1969 0.071
1970 -0.095
1971 -0.196
1972 0.051
1973 -0.075
1974 -0.148
1975 -0.21
1976 -0.149
1977 0.036
1978 -0.078
1979 0.105
1980 0.117
1981 0.064
1982 0.105
1983 0.128
1984 -0.043
1985 0.007
1986 0.058
1987 0.227
1988 0.152
1989 0.186
1990 0.27
1991 0.267
1992 0.093
1993 0.107
1994 0.29
1995 0.261
1996 0.202
1997 0.466
1998 0.483
1999 0.299
2000 0.308
2001 0.511
2002 0.45
2003 0.52
2004 0.437
2005 0.537
2006 0.547
2007 0.414
2008 0.425
2009 0.545
2010 0.496
2011 0.414
2012 0.501
2013 0.505
2014 0.62
